w_WAf001 0.004 0.002 0.987 0.001 0.002 0.003 0.001
w_WAf002 0.006 0.002 0.871 0.014 0.027 0.078 0.002
w_WAf003 0.012 0.002 0.960 0.006 0.009 0.008 0.003
w_WAf004 0.006 0.002 0.962 0.006 0.016 0.005 0.002
w_WAf005 0.007 0.002 0.974 0.003 0.005 0.006 0.003
w_WAf006 0.006 0.002 0.977 0.002 0.006 0.006 0.001
w_WAr001 0.005 0.002 0.970 0.005 0.013 0.004 0.001
w_WAr002 0.023 0.010 0.938 0.002 0.015 0.002 0.010
w_WAr003 0.015 0.006 0.955 0.002 0.003 0.017 0.002
w_WAr004 0.010 0.002 0.977 0.002 0.003 0.004 0.001
w_WAr005 0.011 0.002 0.822 0.005 0.143 0.011 0.005
w_WAr006 0.012 0.004 0.960 0.002 0.004 0.003 0.016
w_WAr007 0.004 0.001 0.982 0.002 0.004 0.004 0.002
w_WAr008 0.006 0.001 0.981 0.002 0.002 0.005 0.003
w_WAr009 0.004 0.002 0.979 0.002 0.004 0.004 0.004
w_WAr010 0.003 0.001 0.968 0.002 0.006 0.018 0.002
w_WAr011 0.005 0.003 0.977 0.003 0.007 0.003 0.002
w_ORf001 0.047 0.013 0.874 0.004 0.021 0.036 0.003
w_ORf002 0.009 0.003 0.931 0.004 0.037 0.009 0.007
w_ORf003 0.012 0.009 0.922 0.002 0.008 0.045 0.002
w_ORf004 0.011 0.003 0.952 0.003 0.007 0.011 0.013
w_ORf005 0.017 0.002 0.909 0.044 0.016 0.006 0.005
w_ORf006 0.018 0.004 0.937 0.002 0.007 0.012 0.021
w_ORf007 0.024 0.007 0.696 0.042 0.007 0.220 0.004
w_ORf008 0.057 0.045 0.862 0.002 0.016 0.017 0.002
w_ORf009 0.004 0.002 0.967 0.004 0.015 0.003 0.005
w_ORf010 0.161 0.010 0.574 0.045 0.157 0.048 0.005
w_ORf011 0.006 0.001 0.979 0.003 0.006 0.003 0.003
w_ORf012 0.024 0.003 0.866 0.004 0.006 0.093 0.004
w_ORf013 0.012 0.002 0.897 0.002 0.005 0.081 0.002
w_ORf014 0.006 0.001 0.974 0.005 0.006 0.006 0.002
w_ORf015 0.269 0.616 0.087 0.007 0.002 0.007 0.012
w_ORf016 0.004 0.002 0.976 0.001 0.006 0.005 0.006
w_ORf017 0.022 0.006 0.606 0.020 0.196 0.147 0.004
w_ORf018 0.044 0.016 0.903 0.005 0.016 0.007 0.010
w_ORf019 0.006 0.002 0.959 0.012 0.012 0.003 0.005
w_ORf020 0.016 0.046 0.923 0.002 0.008 0.004 0.002
w_ORf021 0.090 0.091 0.783 0.002 0.018 0.008 0.007
w_ORf022 0.007 0.002 0.975 0.002 0.004 0.008 0.002
w_ORf023 0.090 0.045 0.774 0.004 0.063 0.012 0.012
w_ORf024 0.007 0.003 0.954 0.006 0.011 0.018 0.002
w_ORf025 0.007 0.003 0.970 0.004 0.009 0.003 0.004
w_ORf026 0.014 0.004 0.928 0.004 0.009 0.039 0.002
w_ORf027 0.009 0.001 0.791 0.003 0.119 0.051 0.026
w_ORf028 0.053 0.007 0.703 0.005 0.108 0.117 0.007
w_ORf029 0.005 0.002 0.971 0.002 0.007 0.011 0.002
w_ORf030 0.005 0.001 0.973 0.003 0.003 0.006 0.009
w_ORf031 0.032 0.004 0.649 0.005 0.290 0.006 0.015
w_ORf032 0.006 0.003 0.976 0.001 0.004 0.009 0.001
w_ORf033 0.008 0.002 0.977 0.003 0.003 0.005 0.003
w_ORr001 0.009 0.002 0.971 0.003 0.004 0.005 0.005
w_ORr002 0.004 0.002 0.973 0.002 0.007 0.008 0.004
w_ORr003 0.015 0.001 0.963 0.005 0.007 0.002 0.007
w_ORr004 0.003 0.002 0.964 0.005 0.011 0.003 0.011
w_ORr005 0.010 0.002 0.915 0.010 0.049 0.011 0.002
w_ORr006 0.008 0.003 0.936 0.005 0.018 0.028 0.002
w_ORr007 0.008 0.002 0.898 0.005 0.080 0.004 0.002
w_ORr008 0.007 0.001 0.977 0.002 0.009 0.002 0.001
w_ORr009 0.006 0.002 0.921 0.008 0.053 0.007 0.004
w_ORr010 0.017 0.003 0.948 0.005 0.015 0.011 0.002
w_ORr011 0.132 0.018 0.796 0.004 0.011 0.030 0.009
w_ORr012 0.012 0.037 0.880 0.006 0.025 0.005 0.035
w_ORr013 0.006 0.006 0.976 0.002 0.005 0.003 0.003
w_ORr014 0.018 0.003 0.913 0.003 0.005 0.053 0.005
w_ORr015 0.004 0.002 0.954 0.006 0.013 0.014 0.007
w_ORr016 0.007 0.002 0.969 0.006 0.006 0.008 0.002
w_ORr017 0.014 0.003 0.956 0.005 0.013 0.005 0.004
w_ORr018 0.003 0.001 0.981 0.002 0.005 0.005 0.003
w_ORr019 0.024 0.014 0.916 0.002 0.013 0.014 0.016
n_CAf001 0.055 0.032 0.739 0.003 0.058 0.104 0.009
n_CAf002 0.004 0.001 0.978 0.002 0.005 0.008 0.002
n_CAf003 0.042 0.005 0.860 0.019 0.036 0.025 0.014
n_CAf004 0.051 0.030 0.638 0.140 0.126 0.012 0.004
n_CAr001 0.052 0.008 0.889 0.011 0.023 0.013 0.004
n_CAr002 0.117 0.011 0.823 0.003 0.016 0.008 0.022
n_CAr003 0.391 0.012 0.531 0.003 0.020 0.008 0.035
n_CAr004 0.252 0.012 0.646 0.001 0.018 0.012 0.059
n_CAr005 0.015 0.002 0.880 0.057 0.024 0.012 0.009
n_CAr006 0.114 0.021 0.769 0.004 0.022 0.005 0.066
KECAf001 0.018 0.005 0.181 0.064 0.029 0.695 0.007
KECAf002 0.005 0.004 0.010 0.221 0.006 0.752 0.002
KECAf003 0.005 0.002 0.010 0.151 0.189 0.641 0.002
KECAf004 0.010 0.001 0.172 0.002 0.011 0.802 0.002
KECAf005 0.010 0.001 0.445 0.005 0.019 0.514 0.005
KECAf006 0.035 0.003 0.116 0.020 0.091 0.731 0.005
KECAf007 0.007 0.002 0.005 0.006 0.004 0.974 0.002
KECAf008 0.002 0.001 0.003 0.005 0.004 0.983 0.001
KECAf009 0.030 0.004 0.901 0.004 0.014 0.044 0.002
KECAf010 0.030 0.006 0.846 0.007 0.011 0.086 0.014
KECAf011 0.045 0.002 0.133 0.005 0.015 0.797 0.002
KECAf012 0.017 0.001 0.005 0.130 0.306 0.532 0.008
KECAf013 0.004 0.001 0.012 0.005 0.003 0.973 0.002
KECAf014 0.011 0.004 0.015 0.006 0.309 0.653 0.003
KECAf015 0.010 0.003 0.391 0.003 0.007 0.584 0.002
KECAf016 0.012 0.001 0.113 0.005 0.022 0.812 0.035
KECAf017 0.016 0.003 0.079 0.005 0.005 0.890 0.002
KECAf018 0.028 0.004 0.356 0.006 0.013 0.592 0.003
KECAr001 0.002 0.001 0.003 0.003 0.002 0.987 0.001
KECAr002 0.004 0.003 0.008 0.001 0.004 0.975 0.005
KECAr003 0.005 0.001 0.038 0.002 0.005 0.944 0.004
KECAr004 0.018 0.003 0.034 0.002 0.009 0.928 0.007
KECAr005 0.010 0.010 0.003 0.090 0.006 0.868 0.012
KECAr006 0.010 0.004 0.820 0.021 0.054 0.089 0.003
KECAr007 0.046 0.005 0.910 0.003 0.022 0.010 0.005
KECAr008 0.002 0.004 0.001 0.002 0.003 0.986 0.002
KECAr009 0.004 0.002 0.003 0.002 0.003 0.984 0.002
KECAr010 0.002 0.002 0.002 0.001 0.001 0.990 0.002
KECAr011 0.017 0.002 0.079 0.004 0.007 0.890 0.001
KECAr012 0.069 0.016 0.086 0.322 0.103 0.352 0.052
KECAr013 0.004 0.001 0.977 0.002 0.004 0.010 0.001
BICAf001 0.546 0.008 0.064 0.310 0.054 0.006 0.012
BICAf002 0.042 0.002 0.876 0.009 0.007 0.005 0.059
BICAf003 0.305 0.003 0.136 0.034 0.489 0.005 0.029
BICAf004 0.226 0.116 0.598 0.005 0.044 0.009 0.002
BICAf005 0.034 0.011 0.860 0.043 0.021 0.008 0.023
BICAf006 0.694 0.003 0.061 0.065 0.140 0.025 0.011
BICAf007 0.882 0.025 0.055 0.020 0.006 0.005 0.006
BICAf008 0.019 0.005 0.395 0.023 0.519 0.008 0.031
BICAf009 0.004 0.003 0.006 0.845 0.111 0.017 0.013
BICAf010 0.108 0.013 0.022 0.670 0.081 0.097 0.009
BICAf011 0.547 0.014 0.232 0.006 0.190 0.006 0.005
BICAf012 0.136 0.015 0.250 0.233 0.284 0.078 0.004
SYCAf001 0.014 0.002 0.241 0.333 0.381 0.024 0.004
SYCAf002 0.080 0.014 0.024 0.032 0.826 0.014 0.009
SYCAf003 0.204 0.002 0.088 0.278 0.087 0.328 0.014
SYCAf004 0.065 0.002 0.133 0.021 0.751 0.012 0.016
SYCAf005 0.019 0.004 0.531 0.279 0.145 0.014 0.008
SYCAf006 0.008 0.004 0.073 0.176 0.719 0.015 0.005
SDCAf001 0.080 0.005 0.059 0.059 0.186 0.603 0.007
SDCAf002 0.024 0.003 0.083 0.230 0.461 0.193 0.006
SDCAf003 0.007 0.002 0.035 0.066 0.880 0.006 0.003
SDCAf004 0.005 0.001 0.006 0.033 0.950 0.002 0.002
SDCAf005 0.003 0.001 0.004 0.049 0.940 0.002 0.001
SDCAf006 0.015 0.003 0.134 0.003 0.800 0.043 0.002
SDCAf007 0.002 0.001 0.002 0.050 0.942 0.002 0.002
SDCAf008 0.116 0.008 0.135 0.623 0.109 0.003 0.006
SDCAf009 0.003 0.002 0.005 0.029 0.957 0.002 0.002
SDCAf010 0.026 0.002 0.063 0.330 0.124 0.429 0.027
SDCAf011 0.006 0.006 0.038 0.431 0.469 0.048 0.002
SDCAr001 0.004 0.001 0.031 0.005 0.954 0.003 0.002
SDCAr002 0.003 0.001 0.005 0.012 0.963 0.015 0.001
SDCAr003 0.016 0.004 0.012 0.009 0.941 0.010 0.008
SDCAr004 0.006 0.003 0.010 0.018 0.950 0.010 0.002
SDCAr005 0.011 0.002 0.021 0.013 0.810 0.132 0.012
SDCAr006 0.014 0.019 0.016 0.123 0.802 0.024 0.002
MTMTf001 0.859 0.007 0.098 0.004 0.016 0.015 0.002
MTMTr001 0.176 0.365 0.076 0.005 0.012 0.364 0.002
MTMTr002 0.363 0.099 0.255 0.002 0.234 0.042 0.005
MTMTr003 0.962 0.014 0.008 0.003 0.003 0.005 0.005
MTMTr004 0.806 0.017 0.047 0.010 0.110 0.007 0.003
IDIDr001 0.961 0.005 0.009 0.003 0.005 0.004 0.013
IDIDr002 0.934 0.006 0.003 0.004 0.011 0.011 0.030
IDIDr003 0.834 0.136 0.003 0.003 0.002 0.002 0.020
IDIDr004 0.928 0.023 0.004 0.003 0.024 0.007 0.011
IDIDr005 0.930 0.004 0.017 0.012 0.014 0.009 0.014
IDIDr006 0.944 0.031 0.004 0.002 0.003 0.007 0.008
IDIDr007 0.963 0.008 0.007 0.003 0.009 0.005 0.005
IDIDr008 0.892 0.019 0.002 0.003 0.018 0.064 0.002
IDIDr009 0.717 0.006 0.013 0.004 0.241 0.017 0.002
IDIDr010 0.467 0.300 0.176 0.005 0.032 0.009 0.011
IDIDr011 0.558 0.108 0.082 0.002 0.102 0.143 0.004
IDIDr012 0.827 0.003 0.107 0.004 0.017 0.040 0.003
IDIDr013 0.967 0.004 0.011 0.002 0.007 0.005 0.004
e_ORr001 0.587 0.105 0.168 0.004 0.117 0.013 0.005
e_ORr002 0.916 0.011 0.013 0.008 0.030 0.015 0.007
e_ORr003 0.745 0.163 0.047 0.014 0.023 0.005 0.002
e_ORr004 0.353 0.005 0.065 0.019 0.173 0.381 0.004
e_ORr005 0.957 0.012 0.008 0.005 0.007 0.006 0.006
e_ORr006 0.137 0.179 0.108 0.002 0.050 0.453 0.070
WYWYf001 0.458 0.007 0.452 0.004 0.040 0.031 0.007
WYWYf002 0.325 0.012 0.566 0.009 0.042 0.020 0.024
WYWYf003 0.830 0.009 0.006 0.001 0.004 0.146 0.004
NMADf001 0.776 0.001 0.025 0.140 0.031 0.014 0.014
NMADf002 0.855 0.006 0.044 0.005 0.058 0.007 0.025
NMADf003 0.187 0.716 0.074 0.003 0.003 0.004 0.014
NMADf004 0.810 0.006 0.111 0.020 0.025 0.026 0.002
NMADf005 0.190 0.006 0.086 0.014 0.637 0.008 0.060
NMADf006 0.951 0.003 0.019 0.013 0.008 0.003 0.003
NMADf007 0.528 0.132 0.017 0.251 0.006 0.047 0.019
NMADf008 0.954 0.002 0.011 0.009 0.011 0.010 0.003
NMADf009 0.617 0.011 0.008 0.011 0.266 0.033 0.055
NMADf010 0.565 0.003 0.044 0.111 0.249 0.022 0.005
NMADf011 0.966 0.002 0.009 0.008 0.004 0.008 0.002
NMADf012 0.948 0.002 0.010 0.022 0.006 0.007 0.005
NMADf013 0.961 0.001 0.008 0.005 0.009 0.012 0.004
ncUTf001 0.766 0.067 0.092 0.003 0.018 0.048 0.005
ncUTf002 0.901 0.011 0.004 0.004 0.070 0.007 0.002
ncUTf003 0.951 0.031 0.008 0.001 0.002 0.002 0.003
ncUTf004 0.848 0.003 0.054 0.005 0.009 0.073 0.008
ncUTf005 0.676 0.006 0.017 0.005 0.279 0.007 0.010
ncUTf006 0.852 0.011 0.018 0.004 0.029 0.006 0.080
ncUTf007 0.770 0.015 0.151 0.003 0.006 0.007 0.049
ncUTf008 0.953 0.006 0.007 0.008 0.014 0.002 0.010
ncUTf009 0.863 0.017 0.014 0.002 0.098 0.005 0.002
ncUTf010 0.398 0.224 0.223 0.033 0.068 0.020 0.034
ncUTf011 0.887 0.026 0.018 0.005 0.031 0.005 0.028
ncUTf012 0.872 0.011 0.021 0.009 0.013 0.004 0.069
neUTf001 0.931 0.017 0.005 0.013 0.007 0.009 0.018
neUTf002 0.688 0.006 0.054 0.007 0.191 0.051 0.002
neUTf003 0.884 0.005 0.068 0.002 0.026 0.012 0.004
neUTf004 0.949 0.011 0.007 0.003 0.009 0.017 0.005
neUTf005 0.452 0.009 0.007 0.008 0.471 0.047 0.006
neUTf006 0.823 0.035 0.068 0.002 0.067 0.002 0.004
neUTr001 0.869 0.012 0.012 0.005 0.091 0.006 0.004
neUTr002 0.963 0.003 0.010 0.011 0.006 0.004 0.003
neUTr003 0.973 0.008 0.003 0.005 0.003 0.005 0.003
neUTr004 0.835 0.100 0.023 0.002 0.016 0.022 0.002
neUTr005 0.950 0.004 0.007 0.003 0.023 0.004 0.009
neUTr006 0.942 0.002 0.012 0.002 0.016 0.007 0.018
SLUTf001 0.786 0.016 0.016 0.004 0.005 0.024 0.149
SLUTf002 0.742 0.024 0.050 0.007 0.152 0.010 0.015
SLUTf003 0.635 0.003 0.014 0.018 0.318 0.003 0.010
SLUTf004 0.866 0.010 0.026 0.014 0.075 0.006 0.002
SLUTf005 0.824 0.008 0.130 0.003 0.021 0.004 0.010
SLUTf006 0.648 0.003 0.034 0.009 0.291 0.013 0.001
SLUTf007 0.709 0.003 0.059 0.002 0.149 0.074 0.004
SLUTf008 0.443 0.047 0.261 0.004 0.012 0.128 0.105
SLUTf009 0.786 0.013 0.037 0.006 0.114 0.039 0.006
SLUTf010 0.683 0.008 0.034 0.004 0.253 0.015 0.003
SLUTf011 0.629 0.003 0.013 0.006 0.343 0.003 0.004
SLUTf012 0.555 0.013 0.019 0.009 0.370 0.010 0.023
SLUTf013 0.360 0.034 0.047 0.049 0.306 0.183 0.021
SLUTf014 0.940 0.004 0.009 0.002 0.020 0.009 0.017
SLUTr001 0.962 0.003 0.009 0.003 0.015 0.005 0.004
SLUTr002 0.955 0.025 0.005 0.002 0.007 0.002 0.003
SLUTr003 0.773 0.180 0.017 0.004 0.012 0.005 0.008
SLUTr004 0.969 0.007 0.009 0.002 0.005 0.006 0.002
SLUTr005 0.962 0.003 0.005 0.006 0.004 0.011 0.010
SLUTr006 0.732 0.052 0.140 0.006 0.018 0.015 0.037
SLUTr007 0.923 0.022 0.005 0.008 0.027 0.008 0.006
SLUTr008 0.669 0.026 0.100 0.004 0.057 0.140 0.003
SLUTr009 0.950 0.002 0.015 0.006 0.020 0.004 0.003
SLUTr010 0.938 0.009 0.023 0.002 0.021 0.002 0.005
SLUTr011 0.939 0.024 0.012 0.001 0.013 0.006 0.004
scUTf001 0.937 0.002 0.028 0.002 0.011 0.013 0.006
scUTf002 0.879 0.009 0.023 0.004 0.022 0.057 0.006
scUTf003 0.116 0.162 0.632 0.004 0.016 0.033 0.037
scUTf004 0.694 0.006 0.052 0.002 0.221 0.020 0.005
scUTf005 0.634 0.004 0.006 0.016 0.317 0.005 0.018
nwCOf001 0.967 0.002 0.008 0.002 0.011 0.002 0.007
nwCOf002 0.883 0.013 0.007 0.007 0.071 0.007 0.011
nwCOf003 0.945 0.012 0.012 0.003 0.008 0.016 0.002
nwCOf004 0.896 0.021 0.053 0.003 0.018 0.005 0.004
nwCOf005 0.764 0.008 0.008 0.007 0.181 0.028 0.004
nwCOf006 0.778 0.056 0.043 0.009 0.052 0.055 0.007
nwCOf007 0.449 0.024 0.061 0.002 0.453 0.005 0.007
nwCOf008 0.871 0.077 0.026 0.003 0.005 0.015 0.003
nwCOf009 0.895 0.004 0.016 0.005 0.055 0.004 0.021
nwCOf010 0.638 0.026 0.288 0.004 0.031 0.006 0.008
nwCOf011 0.741 0.010 0.014 0.020 0.190 0.022 0.003
nwCOf012 0.616 0.016 0.060 0.008 0.253 0.045 0.002
nwCOf013 0.881 0.004 0.024 0.002 0.016 0.030 0.043
nwCOf014 0.317 0.109 0.540 0.005 0.007 0.020 0.002
nwCOf015 0.784 0.057 0.023 0.005 0.084 0.044 0.003
nwCOf016 0.578 0.006 0.008 0.068 0.315 0.007 0.018
nwCOf017 0.853 0.066 0.030 0.004 0.034 0.002 0.011
nwCOf018 0.871 0.019 0.046 0.002 0.049 0.010 0.002
nwCOf019 0.695 0.004 0.091 0.002 0.051 0.153 0.003
nwCOf020 0.923 0.004 0.012 0.014 0.035 0.003 0.010
nwCOf021 0.661 0.064 0.031 0.007 0.063 0.171 0.003
nwCOf022 0.406 0.008 0.013 0.008 0.547 0.015 0.003
nwCOf023 0.778 0.056 0.021 0.006 0.115 0.017 0.008
nwCOf024 0.903 0.017 0.039 0.002 0.006 0.029 0.003
nwCOf025 0.937 0.002 0.008 0.002 0.032 0.008 0.010
nwCOf026 0.904 0.005 0.016 0.003 0.054 0.007 0.011
nwCOf027 0.831 0.006 0.015 0.116 0.005 0.023 0.004
nwCOf028 0.953 0.010 0.014 0.006 0.004 0.007 0.006
nwCOf029 0.797 0.002 0.045 0.018 0.117 0.015 0.006
nwCOf030 0.886 0.045 0.010 0.003 0.043 0.004 0.008
nwCOf031 0.616 0.015 0.131 0.003 0.113 0.119 0.003
nwCOf032 0.771 0.005 0.061 0.021 0.132 0.008 0.002
swCOf001 0.593 0.003 0.031 0.223 0.131 0.003 0.016
swCOf002 0.904 0.006 0.037 0.022 0.022 0.004 0.006
swCOf003 0.888 0.002 0.042 0.002 0.058 0.004 0.004
swCOf004 0.862 0.004 0.017 0.084 0.018 0.010 0.005
swCOf005 0.840 0.012 0.032 0.010 0.090 0.005 0.012
swCOf006 0.834 0.004 0.034 0.016 0.088 0.018 0.005
swCOf007 0.905 0.005 0.008 0.036 0.010 0.003 0.033
swCOf008 0.233 0.015 0.053 0.072 0.497 0.003 0.129
swCOf009 0.932 0.006 0.022 0.004 0.010 0.004 0.022
swCOf010 0.617 0.006 0.074 0.052 0.236 0.003 0.013
swCOf011 0.759 0.003 0.013 0.007 0.190 0.006 0.022
swCOf012 0.777 0.002 0.039 0.003 0.144 0.016 0.020
swCOf013 0.294 0.181 0.031 0.403 0.035 0.050 0.006
swCOf014 0.420 0.061 0.066 0.010 0.352 0.005 0.085
swCOf015 0.791 0.039 0.019 0.014 0.099 0.030 0.008
swCOf016 0.621 0.002 0.026 0.003 0.195 0.149 0.004
swCOf017 0.747 0.114 0.013 0.005 0.114 0.005 0.003
swCOf018 0.861 0.008 0.012 0.005 0.103 0.008 0.004
swCOf019 0.004 0.002 0.004 0.970 0.003 0.015 0.001
swCOf020 0.111 0.441 0.349 0.046 0.009 0.005 0.039
swCOf021 0.055 0.007 0.849 0.009 0.015 0.010 0.055
swCOf022 0.957 0.003 0.008 0.002 0.007 0.005 0.017
swCOf023 0.426 0.035 0.205 0.080 0.202 0.046 0.007
swCOf024 0.893 0.007 0.012 0.002 0.009 0.008 0.070
swCOf025 0.903 0.003 0.011 0.008 0.069 0.002 0.003
swCOf026 0.392 0.057 0.023 0.056 0.347 0.029 0.095
swCOf027 0.903 0.016 0.006 0.013 0.050 0.008 0.004
swCOf028 0.804 0.004 0.022 0.049 0.111 0.005 0.004
swCOf029 0.010 0.021 0.008 0.940 0.011 0.005 0.004
swCOf030 0.705 0.024 0.084 0.020 0.076 0.076 0.015
swCOf031 0.725 0.005 0.013 0.012 0.232 0.009 0.003
swCOf032 0.754 0.075 0.027 0.005 0.059 0.002 0.077
swCOf033 0.687 0.020 0.020 0.003 0.236 0.014 0.020
swCOf034 0.746 0.022 0.016 0.007 0.189 0.019 0.002
swCOf035 0.456 0.009 0.211 0.193 0.121 0.004 0.007
swCOf036 0.918 0.042 0.005 0.002 0.010 0.004 0.018
swCOf037 0.779 0.011 0.006 0.025 0.155 0.004 0.021
swCOf038 0.906 0.004 0.011 0.019 0.040 0.013 0.006
swCOf039 0.914 0.003 0.005 0.049 0.020 0.006 0.003
swCOf040 0.364 0.008 0.007 0.045 0.334 0.229 0.013
swCOf041 0.812 0.004 0.018 0.150 0.009 0.006 0.002
swCOf042 0.356 0.041 0.409 0.026 0.159 0.005 0.004
swCOf043 0.740 0.005 0.016 0.009 0.220 0.006 0.005
swCOf044 0.924 0.020 0.011 0.002 0.024 0.003 0.015
AZAZf001 0.006 0.002 0.011 0.972 0.005 0.002 0.002
AZAZf002 0.015 0.003 0.046 0.901 0.028 0.002 0.006
AZAZf003 0.078 0.004 0.063 0.813 0.013 0.013 0.016
AZAZf004 0.006 0.002 0.003 0.980 0.003 0.002 0.004
AZAZf005 0.015 0.013 0.004 0.826 0.127 0.010 0.006
AZAZf006 0.077 0.016 0.012 0.795 0.060 0.037 0.003
AZAZf007 0.008 0.006 0.003 0.966 0.007 0.006 0.004
AZAZf008 0.002 0.005 0.001 0.986 0.003 0.001 0.001
AZAZf009 0.019 0.009 0.009 0.905 0.023 0.004 0.032
AZAZf010 0.014 0.001 0.006 0.871 0.008 0.004 0.097
AZAZf011 0.005 0.005 0.003 0.976 0.004 0.002 0.005
AZAZf012 0.010 0.004 0.020 0.774 0.024 0.163 0.005
AZAZf013 0.003 0.001 0.002 0.977 0.008 0.002 0.005
AZAZf014 0.007 0.003 0.003 0.968 0.010 0.002 0.007
AZAZf015 0.006 0.007 0.004 0.573 0.015 0.392 0.003
AZAZf016 0.030 0.005 0.014 0.897 0.012 0.039 0.003
AZAZf017 0.011 0.002 0.014 0.908 0.040 0.023 0.003
AZAZf018 0.005 0.001 0.006 0.970 0.012 0.004 0.001
AZAZf019 0.037 0.002 0.026 0.871 0.017 0.028 0.019
AZAZf020 0.003 0.004 0.002 0.984 0.003 0.002 0.003
AZAZf021 0.007 0.001 0.002 0.867 0.007 0.002 0.114
AZAZf022 0.007 0.010 0.004 0.962 0.004 0.003 0.011
AZAZf023 0.003 0.002 0.001 0.979 0.003 0.006 0.005
AZAZf024 0.008 0.002 0.007 0.940 0.034 0.005 0.004
AZAZf025 0.003 0.002 0.005 0.977 0.009 0.002 0.002
AZAZf026 0.017 0.089 0.007 0.868 0.005 0.001 0.013
AZAZf027 0.014 0.007 0.020 0.927 0.006 0.022 0.003
AZAZf028 0.014 0.008 0.006 0.957 0.005 0.005 0.006
AZAZf029 0.002 0.001 0.001 0.991 0.003 0.002 0.001
AZAZf030 0.004 0.002 0.002 0.979 0.009 0.003 0.002
AZAZf031 0.003 0.001 0.004 0.976 0.010 0.003 0.002
AZAZf032 0.004 0.002 0.003 0.978 0.008 0.002 0.002
AZAZf033 0.003 0.004 0.002 0.982 0.003 0.002 0.003
AZAZf034 0.008 0.002 0.030 0.942 0.006 0.006 0.006
AZAZf035 0.066 0.003 0.049 0.764 0.070 0.032 0.016
AZAZf036 0.006 0.003 0.005 0.973 0.005 0.005 0.003
AZAZf037 0.005 0.004 0.003 0.979 0.002 0.004 0.004
AZAZf038 0.016 0.004 0.009 0.941 0.007 0.021 0.002
AZAZf039 0.018 0.005 0.014 0.935 0.019 0.007 0.002
AZAZf040 0.010 0.003 0.018 0.855 0.027 0.085 0.003
AZAZf041 0.005 0.002 0.006 0.970 0.011 0.004 0.002
AZAZf042 0.036 0.008 0.021 0.562 0.363 0.007 0.004
AZAZf043 0.002 0.001 0.002 0.986 0.004 0.002 0.001
AZAZf044 0.021 0.002 0.174 0.758 0.014 0.014 0.018
AZAZf045 0.010 0.098 0.005 0.870 0.004 0.003 0.008
AZAZf046 0.009 0.005 0.003 0.957 0.007 0.009 0.011
AZAZf047 0.003 0.001 0.004 0.983 0.005 0.002 0.003
AZAZf048 0.012 0.003 0.016 0.953 0.008 0.006 0.003
AZAZf049 0.004 0.004 0.003 0.976 0.007 0.003 0.003
AZAZf050 0.007 0.190 0.004 0.780 0.003 0.005 0.011
AZAZf051 0.033 0.047 0.014 0.883 0.009 0.007 0.008
AZAZf052 0.006 0.113 0.005 0.863 0.006 0.004 0.002
AZAZf053 0.006 0.002 0.188 0.769 0.020 0.014 0.002
AZAZf054 0.004 0.002 0.006 0.975 0.008 0.003 0.001
AZAZf055 0.011 0.005 0.015 0.947 0.012 0.004 0.006
AZAZf056 0.007 0.002 0.007 0.961 0.012 0.009 0.003
AZAZf057 0.006 0.002 0.008 0.960 0.007 0.014 0.003
AZAZf058 0.009 0.002 0.007 0.958 0.006 0.007 0.012
AZAZf059 0.027 0.011 0.011 0.934 0.006 0.005 0.007
AZAZf060 0.004 0.007 0.002 0.965 0.014 0.003 0.004
AZAZf061 0.020 0.014 0.006 0.942 0.005 0.007 0.006
AZAZf062 0.004 0.003 0.003 0.973 0.012 0.003 0.002
AZAZf063 0.046 0.018 0.048 0.831 0.026 0.011 0.020
AZAZf064 0.002 0.002 0.002 0.986 0.005 0.002 0.002
AZAZf065 0.002 0.005 0.002 0.985 0.002 0.003 0.001
AZAZf066 0.007 0.006 0.006 0.964 0.006 0.010 0.001
AZAZf067 0.098 0.049 0.008 0.810 0.024 0.005 0.005
AZAZf068 0.005 0.001 0.013 0.840 0.130 0.008 0.002
AZAZf069 0.012 0.062 0.003 0.908 0.006 0.007 0.003
AZAZf070 0.008 0.036 0.005 0.932 0.004 0.003 0.012
AZAZf071 0.015 0.004 0.017 0.912 0.029 0.018 0.006
AZAZf072 0.007 0.003 0.003 0.953 0.005 0.005 0.023
AZAZf073 0.146 0.005 0.066 0.674 0.091 0.015 0.003
AZAZf074 0.002 0.001 0.002 0.988 0.002 0.003 0.002
AZAZf075 0.045 0.027 0.004 0.892 0.017 0.012 0.004
AZAZf076 0.013 0.002 0.019 0.938 0.008 0.014 0.007
AZAZf077 0.006 0.079 0.002 0.900 0.004 0.002 0.006
AZAZf078 0.015 0.001 0.009 0.891 0.003 0.053 0.028
AZAZf079 0.002 0.001 0.005 0.964 0.019 0.003 0.006
AZAZf080 0.013 0.005 0.014 0.957 0.005 0.004 0.002
AZAZf081 0.003 0.002 0.002 0.985 0.005 0.002 0.002
AZAZf082 0.002 0.002 0.002 0.988 0.003 0.001 0.002
AZAZf083 0.007 0.002 0.008 0.710 0.256 0.016 0.001
AZAZf084 0.010 0.001 0.025 0.849 0.084 0.027 0.002
AZAZf085 0.002 0.001 0.002 0.981 0.012 0.001 0.001
AZAZf086 0.011 0.002 0.011 0.916 0.045 0.010 0.005
AZAZf087 0.005 0.001 0.007 0.949 0.026 0.009 0.002
AZAZf088 0.007 0.009 0.006 0.903 0.055 0.005 0.015
AZAZf089 0.010 0.003 0.007 0.958 0.009 0.006 0.007
AZAZf090 0.003 0.001 0.002 0.986 0.002 0.002 0.005
AZAZf091 0.003 0.001 0.003 0.987 0.002 0.002 0.002
AZAZf092 0.009 0.006 0.005 0.969 0.003 0.003 0.004
AZAZf093 0.008 0.119 0.003 0.861 0.002 0.003 0.003
AZAZf094 0.003 0.002 0.005 0.979 0.004 0.004 0.004
AZAZf095 0.017 0.005 0.035 0.894 0.028 0.006 0.015
AZAZr001 0.003 0.001 0.004 0.976 0.004 0.009 0.002
AZAZr002 0.001 0.001 0.002 0.992 0.002 0.002 0.001
AZAZr003 0.003 0.001 0.005 0.983 0.003 0.004 0.001
AZAZr004 0.012 0.001 0.016 0.946 0.005 0.018 0.002
AZAZr005 0.003 0.004 0.003 0.979 0.004 0.002 0.005
AZAZr006 0.043 0.006 0.061 0.793 0.040 0.042 0.016
AZAZr007 0.003 0.010 0.002 0.974 0.004 0.003 0.004
AZAZr008 0.023 0.055 0.006 0.788 0.018 0.007 0.103
AZAZr009 0.001 0.001 0.004 0.989 0.003 0.002 0.001
AZAZr010 0.003 0.003 0.003 0.981 0.006 0.002 0.002
AZAZr011 0.012 0.005 0.014 0.888 0.023 0.054 0.003
AZAZr012 0.004 0.003 0.004 0.970 0.007 0.004 0.007
AZAZr013 0.004 0.002 0.003 0.981 0.006 0.001 0.003
AZAZr014 0.004 0.005 0.003 0.979 0.005 0.003 0.001
AZAZr015 0.002 0.003 0.002 0.988 0.002 0.002 0.002
AZAZr016 0.003 0.001 0.002 0.985 0.003 0.003 0.003
AZAZr017 0.003 0.001 0.003 0.981 0.004 0.006 0.002
AZAZr018 0.002 0.002 0.002 0.976 0.005 0.004 0.009
AZAZr019 0.002 0.001 0.006 0.980 0.003 0.008 0.001
AZAZr020 0.003 0.001 0.003 0.981 0.003 0.006 0.002
AZAZr021 0.024 0.035 0.013 0.894 0.024 0.004 0.004
AZAZr022 0.001 0.001 0.001 0.991 0.002 0.002 0.001
AZAZr023 0.004 0.001 0.004 0.983 0.002 0.004 0.002
AZAZr024 0.001 0.001 0.001 0.992 0.002 0.001 0.001
NMEXf001 0.879 0.003 0.012 0.059 0.018 0.007 0.021
NMEXf002 0.054 0.534 0.027 0.269 0.014 0.098 0.004
NMEXf003 0.046 0.005 0.034 0.834 0.020 0.009 0.051
NMEXf004 0.024 0.004 0.005 0.847 0.017 0.006 0.096
NMEXf005 0.007 0.003 0.004 0.939 0.008 0.025 0.014
NMEXf006 0.015 0.024 0.005 0.878 0.009 0.004 0.065
NMEXf007 0.091 0.006 0.034 0.787 0.031 0.043 0.008
NMEXf008 0.069 0.003 0.018 0.852 0.007 0.024 0.026
NMEXf009 0.009 0.003 0.005 0.718 0.010 0.251 0.004
NMEXf010 0.036 0.007 0.011 0.904 0.018 0.021 0.003
NMEXf011 0.019 0.002 0.019 0.880 0.059 0.019 0.003
NMEXf012 0.008 0.004 0.002 0.973 0.006 0.002 0.005
NMEXf013 0.013 0.001 0.006 0.854 0.049 0.069 0.008
NMEXf014 0.004 0.001 0.006 0.968 0.010 0.003 0.009
NVNVf001 0.037 0.027 0.056 0.665 0.036 0.172 0.007
NVNVf002 0.044 0.004 0.008 0.874 0.048 0.016 0.006
NVNVf003 0.073 0.004 0.048 0.786 0.035 0.021 0.035
NVNVf004 0.064 0.007 0.042 0.669 0.111 0.018 0.089
NVNVf005 0.024 0.055 0.006 0.884 0.005 0.008 0.019
NVNVf006 0.012 0.004 0.012 0.828 0.012 0.009 0.124
UTEXf001 0.085 0.013 0.032 0.640 0.200 0.013 0.018
UTEXf002 0.022 0.002 0.016 0.651 0.206 0.095 0.007
UTEXf003 0.015 0.009 0.011 0.673 0.280 0.002 0.011
UTEXf004 0.023 0.003 0.057 0.712 0.033 0.159 0.012
WMAZf001 0.246 0.017 0.019 0.039 0.135 0.068 0.475
WMAZf002 0.002 0.007 0.002 0.001 0.001 0.002 0.985
WMAZf003 0.027 0.042 0.019 0.025 0.015 0.125 0.747
WMAZf004 0.665 0.229 0.019 0.014 0.034 0.022 0.017
WMAZf005 0.517 0.007 0.080 0.279 0.015 0.010 0.091
WMAZf006 0.001 0.001 0.001 0.001 0.001 0.001 0.995
WMAZf007 0.001 0.001 0.001 0.001 0.001 0.001 0.994
WMAZf008 0.002 0.001 0.002 0.001 0.001 0.002 0.991
WMAZf009 0.655 0.001 0.228 0.012 0.089 0.013 0.002
WMAZf010 0.090 0.003 0.803 0.042 0.014 0.026 0.023
WMAZf011 0.002 0.001 0.002 0.001 0.001 0.002 0.990
WMAZf012 0.005 0.003 0.007 0.007 0.002 0.007 0.969
WMAZf013 0.002 0.001 0.002 0.002 0.001 0.001 0.989
WMAZf014 0.295 0.007 0.230 0.006 0.086 0.128 0.248
WMAZf015 0.024 0.097 0.005 0.004 0.010 0.002 0.858
WMAZf016 0.009 0.004 0.010 0.014 0.010 0.058 0.895
WMAZf017 0.002 0.002 0.002 0.001 0.001 0.001 0.991
WMAZr001 0.795 0.158 0.008 0.005 0.015 0.005 0.014
WMAZr002 0.934 0.034 0.011 0.003 0.005 0.002 0.010
WMAZr003 0.512 0.017 0.119 0.010 0.071 0.024 0.249
WMAZr004 0.112 0.003 0.171 0.036 0.093 0.032 0.553
WMAZr005 0.706 0.106 0.168 0.006 0.004 0.005 0.006
WMAZr006 0.126 0.002 0.014 0.123 0.251 0.008 0.476
WMAZr007 0.006 0.002 0.038 0.004 0.014 0.295 0.641
WMAZr008 0.373 0.007 0.089 0.015 0.032 0.027 0.457
WMAZr009 0.011 0.007 0.006 0.190 0.041 0.159 0.585
WMAZr010 0.001 0.001 0.001 0.001 0.001 0.001 0.993
WMAZr011 0.001 0.001 0.002 0.001 0.001 0.001 0.992
WMAZr012 0.001 0.001 0.001 0.001 0.001 0.001 0.993
WMAZr013 0.043 0.014 0.031 0.075 0.008 0.021 0.808
SDSDf001 0.227 0.642 0.022 0.053 0.027 0.020 0.007
SDSDf002 0.415 0.551 0.004 0.004 0.004 0.011 0.009
SDSDr001 0.168 0.723 0.068 0.004 0.013 0.013 0.010
SDSDr002 0.564 0.415 0.004 0.004 0.007 0.002 0.003
SDSDr003 0.045 0.869 0.020 0.025 0.020 0.008 0.013
SDSDr004 0.070 0.789 0.026 0.004 0.038 0.057 0.016
SDSDr005 0.076 0.734 0.095 0.004 0.019 0.064 0.008
SDSDr006 0.066 0.855 0.045 0.007 0.011 0.006 0.011
SDSDr007 0.158 0.713 0.063 0.002 0.016 0.042 0.007
SDSDr008 0.311 0.539 0.029 0.006 0.097 0.009 0.010
NDNDf001 0.548 0.331 0.016 0.005 0.088 0.008 0.004
NDNDf002 0.085 0.753 0.018 0.007 0.046 0.014 0.075
NDNDf003 0.206 0.656 0.007 0.017 0.077 0.004 0.033
MNMNf001 0.039 0.821 0.009 0.004 0.095 0.026 0.006
MNMNf002 0.003 0.986 0.001 0.002 0.003 0.003 0.002
MNMNf003 0.021 0.910 0.020 0.004 0.020 0.022 0.003
MNMNf004 0.005 0.978 0.004 0.002 0.004 0.005 0.002
MNMNr001 0.001 0.991 0.001 0.001 0.002 0.001 0.002
MNMNr002 0.003 0.981 0.001 0.002 0.002 0.001 0.009
ININr001 0.001 0.993 0.001 0.001 0.001 0.001 0.001
ININr002 0.004 0.981 0.005 0.002 0.003 0.004 0.001
ININr003 0.002 0.990 0.001 0.002 0.002 0.001 0.002
ININr004 0.002 0.990 0.002 0.001 0.002 0.002 0.001
MIMIf001 0.011 0.953 0.004 0.011 0.005 0.005 0.012
MIMIf002 0.003 0.990 0.001 0.001 0.001 0.002 0.002
MIMIf003 0.008 0.942 0.008 0.006 0.018 0.017 0.002
MIMIf004 0.003 0.985 0.002 0.001 0.003 0.002 0.003
MIMIf005 0.004 0.983 0.003 0.001 0.002 0.003 0.004
MIMIf006 0.007 0.966 0.011 0.006 0.006 0.002 0.001
MIMIf007 0.005 0.975 0.003 0.003 0.007 0.006 0.001
MIMIf008 0.002 0.989 0.001 0.001 0.002 0.001 0.003
MIMIf009 0.005 0.980 0.003 0.001 0.002 0.007 0.002
MIMIf010 0.012 0.933 0.005 0.014 0.020 0.004 0.011
MIMIf011 0.008 0.969 0.004 0.006 0.004 0.005 0.003
MIMIr001 0.414 0.564 0.007 0.002 0.002 0.008 0.002
MIMIr002 0.002 0.991 0.002 0.001 0.001 0.002 0.002
MIMIr003 0.004 0.980 0.003 0.003 0.002 0.002 0.006
MIMIr004 0.004 0.983 0.003 0.003 0.003 0.002 0.003
TNTNf001 0.005 0.979 0.003 0.005 0.003 0.002 0.003
TNTNf002 0.002 0.980 0.002 0.004 0.005 0.004 0.003
TNTNf003 0.003 0.986 0.003 0.001 0.002 0.003 0.002
TNTNf004 0.008 0.971 0.004 0.003 0.005 0.002 0.007
TNTNf005 0.004 0.980 0.003 0.002 0.004 0.004 0.002
TNTNf006 0.002 0.979 0.003 0.002 0.002 0.002 0.010
TNTNf007 0.021 0.897 0.013 0.005 0.011 0.028 0.025
MDMDf001 0.006 0.965 0.007 0.002 0.008 0.007 0.004
MDMDf002 0.005 0.981 0.006 0.002 0.002 0.002 0.002
MDMDf003 0.006 0.974 0.003 0.002 0.006 0.003 0.007
MDMDf004 0.014 0.924 0.016 0.008 0.026 0.009 0.003
MDMDf005 0.009 0.958 0.009 0.002 0.004 0.015 0.004
MDMDf006 0.003 0.980 0.002 0.001 0.003 0.001 0.011
MDMDf007 0.025 0.914 0.017 0.004 0.012 0.024 0.004
MDMDf008 0.008 0.970 0.007 0.003 0.005 0.005 0.002
PAPAr001 0.003 0.989 0.002 0.002 0.002 0.001 0.002
PAPAr002 0.001 0.993 0.002 0.001 0.001 0.001 0.001
PAPAr003 0.005 0.966 0.005 0.002 0.003 0.002 0.016
PAPAr004 0.002 0.988 0.002 0.002 0.003 0.002 0.001
PAPAr005 0.003 0.960 0.003 0.014 0.013 0.002 0.004
PAPAr006 0.028 0.884 0.012 0.006 0.024 0.038 0.009
PAPAr007 0.005 0.964 0.007 0.011 0.005 0.006 0.002
PAPAr008 0.002 0.990 0.001 0.002 0.002 0.002 0.001
PAPAr009 0.002 0.991 0.002 0.001 0.001 0.002 0.002
PAPAr010 0.002 0.984 0.003 0.003 0.002 0.003 0.003
PAPAr011 0.006 0.973 0.004 0.005 0.006 0.004 0.003
PAPAr012 0.005 0.978 0.004 0.002 0.004 0.004 0.003
PAPAr013 0.003 0.988 0.002 0.001 0.002 0.001 0.002
PAPAr014 0.005 0.942 0.003 0.040 0.006 0.001 0.002
PAPAr015 0.005 0.979 0.002 0.006 0.004 0.002 0.001
PAPAr016 0.004 0.988 0.001 0.002 0.002 0.001 0.001
PAPAr017 0.005 0.978 0.004 0.003 0.003 0.002 0.005
PAPAr018 0.001 0.994 0.001 0.001 0.001 0.001 0.002
PAPAr019 0.010 0.933 0.007 0.004 0.006 0.008 0.034
PAPAr020 0.014 0.926 0.013 0.004 0.016 0.023 0.005
PAPAr021 0.002 0.990 0.001 0.001 0.002 0.002 0.001
NYNYf001 0.002 0.992 0.001 0.001 0.001 0.001 0.001
NYNYf002 0.006 0.960 0.008 0.005 0.014 0.005 0.002
NYNYr001 0.005 0.975 0.005 0.002 0.004 0.004 0.006
NYNYr002 0.007 0.968 0.008 0.004 0.007 0.003 0.004
NYNYr003 0.007 0.913 0.004 0.046 0.019 0.007 0.004
NYNYr004 0.004 0.982 0.003 0.003 0.005 0.002 0.001
